
@sc17b = (
    #  nodes, vpicdumps,   px,  py,  pz,   ppn,  maxtime
    [      1,         2,    4,   2,   0,    32,      10 ],     # run 0
    [      1,         3,   16,   4,   0,    32,      60 ],     # run 1
    [      2,         3,   16,   4,   0,    32,      60 ],     # run 2
    [      4,         3,   16,   4,   0,    32,      60 ],     # run 3
    [      8,         3,   16,   4,   0,    32,      60 ],     # run 4
    [     16,         3,   16,   4,   0,    32,      60 ],     # run 5
    [     32,         3,   16,   4,   0,    32,      60 ],     # run 6
); 

