@tt17x = (
   #  nodes, vpicdumps,   px,  py,  pz,   ppn,  maxtime
   [      1,         2,    1,   4,   1,    32,      10 ],     # run 0
   [      1,        20,    2,   4,   2,    32,     100 ],     # run 1
   [      2,        20,    2,   4,   2,    32,     100 ],     # run 2
   [      4,        20,    2,   4,   2,    32,     100 ],     # run 3
   [      8,        20,    2,   4,   2,    32,     100 ],     # run 4
   [     16,        20,    2,   4,   2,    32,     100 ],     # run 5
   [     32,        20,    2,   4,   2,    32,     100 ],     # run 6
   [     64,        20,    2,   4,   2,    32,     100 ],     # run 7
   [    128,        20,    2,   4,   2,    32,     100 ],     # run 8
   );

