@tt17d = (
   #  nodes, vpicdumps,   px,  py,  pz,   ppn,  maxtime
   [      1,        10,    2,  20,   2,    32,     100 ],     # run 1
   [      2,        10,    2,  20,   2,    32,     100 ],     # run 2
   [      4,        10,    2,  20,   2,    32,     100 ],     # run 3
   [      8,        10,    2,  20,   2,    32,     100 ],     # run 4
   [     16,        10,    2,  20,   2,    32,     100 ],     # run 5
   [     32,        10,    2,  20,   2,    32,     100 ],     # run 6
   [     64,        10,    2,  20,   2,    32,     100 ],     # run 7
   );
